0	3727	265
1	3582	130
2	3481	76
3	3407	49
4	3333	32
5	3260	24
6	3191	18
7	3128	10
8	3063	10
9	2993	6
10	2947	4
11	2920	4
12	2858	4
13	2747	4
14	2712	4
15	2687	2
16	2681	1
17	2665	1
18	2636	1
19	2633	1
20	2629	1
21	2625	1
22	2620	1
23	2502	1
24	2488	1
25	2434	1
26	2385	1
27	2379	1
28	2370	1
29	2244	1
30	2217	1
31	2208	1
32	2205	1
33	2199	1
34	2172	1
35	2163	1
36	2147	1
37	2130	1
38	2123	1
39	2101	1
40	2030	1
41	2023	1
42	2016	1
43	2009	1
44	1994	1
45	1965	1
46	1874	1
47	1782	1
48	1777	1
49	1771	1
50	1763	1
51	1757	1
52	1730	1
53	1714	1
54	1709	1
55	1692	1
56	1675	1
57	1670	1
58	1658	1
59	1650	1
60	1620	1
61	1617	1
62	1615	1
63	1610	1
64	1598	1
65	1588	1
66	1561	1
67	1550	1
68	1547	1
69	1542	1
70	1537	1
71	1516	1
72	1512	1
73	1502	1
74	1498	1
75	1486	1
76	1477	1
77	1470	1
78	1460	1
79	1444	1
80	1438	1
81	1429	1
82	1424	1
83	1419	1
84	1413	1
85	1389	1
86	1382	1
87	1376	1
88	1371	1
89	1359	1
90	1356	1
91	1347	1
92	1305	1
93	1301	1
94	1291	1
95	1277	1
96	1260	1
97	1251	1
98	1246	1
99	1221	1
100	1213	1
101	1207	1
102	1176	1
103	1169	1
104	1158	1
105	1142	1
106	1140	1
107	1130	1
108	1119	1
109	1113	1
110	1104	1
111	1068	1
112	1061	1
113	1054	1
114	1046	1
115	1040	1
116	1039	1
117	1006	1
118	997	1
119	990	1
120	986	1
121	974	1
122	955	1
123	951	1
124	946	1
125	941	1
126	933	1
127	927	1
128	923	1
129	892	1
130	885	1
131	880	1
132	873	1
133	870	1
134	861	1
135	856	1
136	849	1
137	845	1
138	841	1
139	831	1
140	828	1
141	820	1
142	817	1
143	815	1
144	812	1
145	806	1
146	802	1
147	795	1
148	789	1
149	770	1
150	757	1
151	754	1
152	752	1
153	749	1
154	746	1
155	741	1
156	730	1
157	727	1
158	713	1
159	709	1
160	702	1
161	697	1
162	685	1
163	682	1
164	680	1
165	675	1
166	664	1
167	659	1
168	656	1
169	650	1
170	627	1
171	613	1
172	608	1
173	578	1
174	575	1
175	570	1
176	566	1
177	556	1
178	554	1
179	552	1
180	548	1
181	547	1
182	539	1
183	535	1
184	534	1
185	531	1
186	525	1
187	519	1
188	511	1
189	509	1
190	506	1
191	499	1
192	485	1
193	481	1
194	478	1
195	476	1
196	473	1
197	468	1
198	463	1
199	461	1
200	457	1
201	456	1
202	454	1
203	452	1
204	450	1
205	445	1
206	441	1
207	436	1
208	432	1
209	428	1
210	424	1
211	422	1
212	420	1
213	418	1
214	413	1
215	407	1
216	402	1
217	397	1
218	393	1
219	390	1
220	384	1
221	380	1
222	378	1
223	372	1
224	370	1
225	360	1
226	357	1
227	350	1
228	346	1
229	342	1
230	338	1
231	333	1
232	330	1
233	328	1
234	326	1
235	322	1
236	320	1
237	316	1
238	313	1
239	311	1
240	308	1
241	305	1
242	303	1
243	301	1
244	298	1
245	296	1
246	294	1
247	293	1
248	292	1
249	290	1
250	287	1
251	283	1
252	282	1
253	280	1
254	278	1
255	275	1
256	271	1
257	268	1
258	265	1
259	263	1
260	258	1
261	257	1
262	254	1
263	251	1
264	249	1
265	246	1
266	243	1
267	241	1
268	237	1
269	236	1
270	230	1
271	226	1
272	224	1
273	222	1
274	220	1
275	215	1
276	211	1
277	210	1
278	208	1
279	206	1
280	204	1
281	201	1
282	198	1
283	194	1
284	193	1
285	190	1
286	188	1
287	186	1
288	184	1
289	180	1
290	176	1
291	175	1
292	173	1
293	170	1
294	166	1
295	163	1
296	160	1
297	157	1
298	155	1
299	151	1
300	147	1
301	145	1
302	143	1
303	140	1
304	138	1
305	136	1
306	134	1
307	131	1
308	127	1
309	125	1
310	123	1
311	120	1
312	118	1
313	117	1
314	113	1
315	111	1
316	109	1
317	106	1
318	103	1
319	102	1
320	99	1
321	97	1
322	95	1
323	93	1
324	92	1
325	89	1
326	86	1
327	85	1
328	83	1
329	81	1
330	79	1
331	77	1
332	75	1
333	73	1
334	72	1
335	69	1
336	67	1
337	65	1
338	64	1
339	61	1
340	59	1
341	55	1
342	53	1
343	49	1
344	48	1
345	47	1
346	46	1
347	44	1
348	42	1
349	40	1
350	38	1
351	37	1
352	35	1
353	33	1
354	32	1
355	29	1
356	28	1
357	26	1
358	24	1
359	22	1
360	20	1
361	18	1
362	17	1
363	15	1
364	13	1
365	11	1
366	9	1
367	8	1
368	6	1
369	4	1
370	3	1
371	1	1
372	0	1
