1	36
41	48
9	53
47	78
15	81
86	91
19	102
82	115
135	152
144	176
172	179
52	191
117	196
161	202
110	206
138	217
147	219
205	223
230	237
231	243
207	252
62	254
24	256
212	281
188	284
232	286
77	299
116	300
245	301
271	307
54	319
66	320
100	321
185	324
113	327
331	332
315	337
348	351
249	356
76	365
325	374
257	375
266	381
314	385
63	386
160	422
388	423
83	436
109	450
89	451
268	452
312	454
149	456
112	458
39	461
234	463
382	464
87	469
421	470
432	484
378	485
298	492
229	496
379	499
363	501
43	510
93	514
239	515
195	522
344	525
255	526
111	529
279	530
309	531
267	533
503	534
200	535
272	541
80	549
419	553
197	558
33	559
238	563
59	570
478	574
326	576
283	578
98	585
123	590
273	592
527	594
108	597
466	600
218	601
406	602
398	606
228	607
142	610
552	612
453	613
37	616
16	619
118	623
390	626
4	631
582	635
280	636
99	647
642	649
6	651
259	654
12	655
653	658
511	664
5	668
368	669
486	670
414	672
410	673
11	678
383	679
346	683
465	692
634	693
354	696
174	701
246	702
34	703
640	704
609	705
189	706
393	707
608	713
127	715
125	716
674	719
508	724
599	727
261	729
71	733
446	741
55	742
29	746
710	748
611	751
504	756
22	759
204	763
528	764
401	765
128	767
709	769
242	770
347	771
150	772
323	774
366	776
369	779
738	781
657	784
420	785
412	791
740	794
720	795
663	796
490	798
618	799
155	800
178	801
209	802
170	805
497	806
38	807
32	811
250	818
65	819
442	820
598	821
151	822
474	824
96	825
13	826
425	827
154	828
74	832
714	833
30	834
641	839
427	840
336	841
318	847
341	848
140	849
589	850
542	851
31	852
7	855
845	856
104	859
240	862
129	869
595	870
278	880
225	881
85	882
571	886
329	890
270	891
27	893
349	896
656	897
357	899
789	905
119	906
889	907
276	908
888	909
554	910
560	913
731	915
591	916
372	921
787	926
399	927
353	930
182	931
853	932
538	933
213	936
101	937
90	938
60	939
814	941
736	942
411	945
810	949
165	950
198	951
518	954
904	959
468	960
639	961
308	962
866	964
133	966
359	968
752	970
783	971
352	972
718	974
292	977
396	978
294	980
345	983
711	984
500	987
982	988
603	991
700	992
288	993
955	994
975	995
447	996
302	998
717	999
167	651
8	29
94	852
25	63
405	819
41	67
12	68
75	85
370	469
39	93
507	585
874	937
482	597
11	300
481	767
643	772
808	828
76	164
245	284
680	706
17	195
652	951
153	252
169	802
296	496
238	241
790	818
187	255
73	654
418	729
36	263
21	381
384	452
197	270
196	541
410	592
103	278
91	283
791	998
9	305
596	962
362	454
125	576
240	328
492	841
257	338
498	848
192	345
373	896
194	352
34	364
217	485
161	380
532	927
89	404
28	414
137	421
45	820
398	457
547	824
331	491
956	987
132	756
19	506
319	509
190	664
503	517
33	519
204	521
518	523
387	594
133	551
179	552
223	562
531	567
464	581
510	588
156	589
844	916
416	598
325	605
505	608
159	705
287	618
444	693
316	961
419	784
571	661
766	796
83	667
171	719
450	677
641	681
320	686
542	688
646	992
57	769
22	999
614	974
323	723
695	781
640	743
642	745
115	747
586	970
340	971
658	793
77	797
276	804
327	809
834	941
701	816
228	842
356	845
355	964
242	875
833	877
393	879
525	884
724	887
20	907
178	894
348	895
458	900
142	914
827	924
798	928
702	940
936	963
805	979
410	631
23	678
59	907
408	672
430	814
256	364
146	686
417	654
526	832
177	283
437	880
553	859
663	756
106	378
460	705
753	805
0	719
628	801
528	891
488	562
520	842
39	237
597	862
645	804
852	977
158	841
176	639
150	335
431	964
287	899
112	501
5	382
415	527
208	302
257	424
421	840
154	434
293	767
898	928
142	503
407	713
3	585
695	887
406	518
393	536
391	542
383	824
617	886
190	575
465	586
241	751
354	974
605	615
783	992
296	666
1	833
596	795
416	731
532	737
169	754
559	760
65	761
567	803
333	916
454	853
194	854
723	865
348	867
868	874
272	934
949	956
6	967
655	981
642	982
966	985
522	986
136	719
346	986
163	230
876	977
696	906
441	551
92	914
583	961
175	686
80	578
555	664
158	463
145	751
456	799
256	304
107	774
342	591
330	992
393	884
766	968
313	853
98	389
668	688
374	395
314	731
866	924
350	834
412	445
104	489
300	495
129	607
131	197
155	532
167	548
475	571
496	633
277	772
654	698
642	739
196	749
414	750
329	979
713	757
169	788
824	837
917	937
692	959
907	923
178	958
374	619
129	616
302	623
50	800
107	234
305	788
133	226
364	856
439	454
64	598
823	979
335	814
101	779
145	349
428	654
79	431
793	959
6	554
197	582
475	801
119	632
393	839
666	982
505	675
555	728
570	835
514	861
541	863
330	903
683	920
750	943
0	994
24	191
110	835
710	731
550	749
183	764
511	589
118	162
177	861
75	967
169	199
246	745
402	992
325	765
238	819
10	675
585	932
425	862
414	546
0	566
73	650
682	823
737	977
778	917
617	922
381	585
89	788
299	713
365	866
232	349
72	558
124	702
393	765
190	334
110	602
280	654
191	985
165	196
554	557
644	710
86	734
700	786
28	878
31	431
14	514
570	841
910	931
299	803
196	867
344	593
574	644
404	944
853	953
49	734
224	585
54	79
239	802
70	525
196	261
759	821
6	502
20	793
309	721
416	601
368	932
325	643
75	727
165	908
518	823
226	651
381	573
64	712
323	758
533	759
107	310
456	573
191	648
512	970
91	368
634	710
502	768
52	510
362	827
710	822
463	987
93	457
134	151
43	689
658	829
35	191
898	954
34	694
52	320
182	197
564	588
133	291
75	264
438	588
283	588
86	825
554	754
75	992
9	984
876	960
518	764
300	502
849	979
40	588
52	572
137	468
173	786
33	570
427	562
215	849
316	840
199	348
853	975
261	624
276	976
609	931
80	636
344	867
151	977
574	584
93	105
96	660
220	861
177	534
584	809
139	404
240	378
187	689
111	134
610	790
717	735
316	522
712	901
541	630
258	692
747	923
337	635
636	696
259	978
122	805
115	846
580	866
117	673
168	698
128	550
182	622
175	888
613	759
287	390
173	942
612	992
32	961
204	357
133	388
113	376
239	243
37	196
85	579
416	857
398	817
83	376
51	717
61	237
50	917
543	961
59	450
386	689
363	588
730	866
214	582
364	887
681	744
607	708
151	894
606	785
387	953
857	972
120	351
897	976
327	640
399	604
135	961
391	585
112	318
392	854
249	469
711	740
180	272
320	567
499	613
99	738
157	461
245	559
0	970
170	625
366	468
133	409
288	879
569	597
403	966
431	589
498	588
902	941
718	905
143	789
268	779
46	571
275	618
691	886
71	985
305	590
222	452
825	880
712	989
312	952
55	612
447	608
487	764
455	619
301	307
245	474
138	750
44	53
927	997
425	479
394	548
669	925
326	941
186	549
118	581
532	860
377	461
37	963
249	655
435	698
279	759
499	864
148	270
60	972
14	815
72	855
241	800
375	736
90	846
441	633
236	734
204	659
741	967
419	436
251	418
232	637
440	839
130	774
695	795
244	286
522	812
171	211
409	685
41	455
342	977
88	119
248	748
242	463
0	877
184	714
184	807
265	585
84	612
847	870
367	610
53	777
247	847
242	885
59	472
544	817
848	873
405	537
826	988
8	61
42	88
379	935
212	550
483	979
687	841
445	755
771	941
23	254
196	219
488	980
193	357
475	911
332	515
263	516
759	991
45	475
81	728
283	663
314	830
372	571
235	512
200	427
57	861
19	115
486	674
127	631
185	793
662	962
376	892
110	285
336	471
361	464
216	978
421	775
181	347
221	914
121	363
360	532
172	466
424	990
514	676
371	955
317	640
633	701
58	833
71	787
140	539
545	705
513	541
225	954
187	858
587	750
143	198
114	887
332	948
732	921
97	569
639	831
345	533
280	477
329	400
218	929
161	401
518	957
274	516
684	879
762	851
545	806
521	560
821	912
109	947
183	448
462	737
321	688
233	247
430	690
18	149
389	449
300	627
145	494
378	476
800	933
154	746
56	571
207	899
260	660
45	282
53	422
322	329
257	565
227	457
432	837
236	311
581	773
69	778
353	393
432	722
413	957
35	303
231	843
0	871
339	745
253	831
201	817
336	918
451	726
210	342
671	721
205	459
383	945
467	585
141	942
565	620
561	772
268	813
426	839
164	946
51	343
424	568
458	965
577	823
89	295
210	621
524	798
497	540
297	949
126	402
172	699
203	900
493	548
166	653
148	872
827	969
189	537
289	658
461	480
2	220
699	838
26	134
78	802
397	740
262	317
361	725
202	473
64	429
780	971
269	917
24	893
415	973
480	665
358	656
193	792
336	629
443	951
433	865
697	899
451	556
883	886
290	338
828	836
638	863
306	390
106	919
95	612
640	782
